[header.jpg]
moddate=5ed67a1aaccdd201
width=1004
height=309
text=1;134;10;CHESSMANIA;Jokerman;0.352357,0.115332,0.266667,0.000000;v1,4284678174,4278190080,128.000000,1.000000,0.121495,0.777344,400,2,49152;;
textactive=1
